359405748604
359417348476
359425769852
359431897468
359458668924
359465812348
359476986236
359541145980
360564261244
360590836092
360808219004
360808907132
360813101436
360838103420
360839643516
360841412988
360856125820
360859074940
360860418428
360861794684
360902427004
360910094716
360930410876
361070002556
361071083900
361077375356
361088745852
361090613628
361090711932
361094513020
361100706172
361195602300
361197732220
361197764988
361197961596
361198616956
361198682492
361208938876
361214771580
361235054972
361235939708
361280307580
361280373116
361283486076
361285452156
361294037372
361294102908
361294135676
361294233980
361296527740
361298952572
361299050876
361322348924
361382052220
361382150524
361438216572
361440706940
361462497660
361462595964
361462628732
361462694268
361471181180
361474916732
361493889404
361493954940
361493987708
361495953788
361501262204
361516564860
361518170492
361519219068
361540452732
361617523068
361660154236
361670246780
361677488508
361792864636
361795748220
361797550460
361800991100
361817342332
361822716284
361846964604
361846997372
361847193980
361847259516
361848275324
361848832380
361854763388
361854796156
361855189372
361858367868
361885499772
361888022908
361890185596
361901818236
361905947004
361906241916
361928098172
